createRandomMaze
20111
01010
11000
01000
10110

20110
20111
01101
01010
11110

00100
01101
01000
10000
10011

00111
00111
11001
10111
01010

10100
11010
10000
00011
00001


Path: Unsolvable
createRandomMaze
20011
00011
11001
11001
00101

20111
00110
00010
01011
01011

01110
01010
11001
10010
01000

10111
00100
01111
10111
00010

00110
11000
00110
01110
01001


Path: Unsolvable
createRandomMaze
20101
01100
01111
10110
10110

00000
00001
10011
10010
00000

00010
01110
01000
01111
00111

11011
11011
01111
00011
01011

01111
11101
10111
10100
11001


Path: Unsolvable
createRandomMaze
33300
33001
20010
20100
20010

01301
00320
00000
22001
20201

00001
10301
01000
00010
02201

02030
02333
00333
00003
02203

00032
02233
02220
02200
22013


INVALID path given, path must begin at cell (0, 0, 0)
Path Given:
(4,4,4)
(4,4,3)
(3,4,3)
(2,4,3)
(1,4,3)
(1,4,4)
(1,3,4)
(0,3,4)
(0,3,3)
(1,3,3)
(2,3,3)
(2,2,3)
(1,2,3)
(1,2,2)
(1,2,1)
(0,2,1)
(0,2,0)
(0,1,0)
(1,1,0)
(1,0,0)
(0,0,0)

createRandomMaze
20110
22000
00101
11010
01110

01001
20101
00111
10111
11111

01010
01110
11101
00110
10000

01000
00101
10111
00011
10011

01011
11010
01001
10110
10101


INVALID path given, path must begin at cell (0, 0, 0)
Path Given:
(4,4,4)
(4,4,3)
(3,4,3)
(2,4,3)
(1,4,3)
(1,4,4)
(1,3,4)
(0,3,4)
(0,3,3)
(1,3,3)
(2,3,3)
(2,2,3)
(1,2,3)
(1,2,2)
(1,2,1)
(0,2,1)
(0,2,0)
(0,1,0)
(1,1,0)
(1,0,0)
(0,0,0)

createRandomMaze
33200
00000
33330
00030
02230

23010
33101
30110
00100
02032

00000
10100
01033
10133
02030

10011
11011
01110
01113
00103

11110
01111
11011
11001
10003


INVALID path given, path must begin at cell (0, 0, 0)
Path Given:
(4,4,4)
(4,4,3)
(3,4,3)
(2,4,3)
(1,4,3)
(1,4,4)
(1,3,4)
(0,3,4)
(0,3,3)
(1,3,3)
(2,3,3)
(2,2,3)
(1,2,3)
(1,2,2)
(1,2,1)
(0,2,1)
(0,2,0)
(0,1,0)
(1,1,0)
(1,0,0)
(0,0,0)
(4,4,4)
(4,4,3)
(3,4,3)
(3,4,2)
(2,4,2)
(2,3,2)
(3,3,2)
(4,3,2)
(4,3,1)
(4,3,0)
(3,3,0)
(2,3,0)
(2,2,0)
(2,1,0)
(2,0,0)
(2,0,1)
(1,0,1)
(1,1,1)
(0,1,1)
(0,1,0)
(0,0,0)

createRandomMaze
30020
33001
00111
10000
01100

00022
23000
33101
00100
01100

10022
03000
33101
00111
01100

03332
13200
00010
10010
00010

11030
10031
10030
10130
01033


INVALID path given, path must begin at cell (0, 0, 0)
Path Given:
(4,4,4)
(4,4,3)
(3,4,3)
(2,4,3)
(1,4,3)
(1,4,4)
(1,3,4)
(0,3,4)
(0,3,3)
(1,3,3)
(2,3,3)
(2,2,3)
(1,2,3)
(1,2,2)
(1,2,1)
(0,2,1)
(0,2,0)
(0,1,0)
(1,1,0)
(1,0,0)
(0,0,0)
(4,4,4)
(4,4,3)
(3,4,3)
(3,4,2)
(2,4,2)
(2,3,2)
(3,3,2)
(4,3,2)
(4,3,1)
(4,3,0)
(3,3,0)
(2,3,0)
(2,2,0)
(2,1,0)
(2,0,0)
(2,0,1)
(1,0,1)
(1,1,1)
(0,1,1)
(0,1,0)
(0,0,0)
(4,4,4)
(4,3,4)
(3,3,4)
(2,3,4)
(1,3,4)
(0,3,4)
(0,3,3)
(0,2,3)
(0,1,3)
(1,1,3)
(1,1,2)
(2,1,2)
(2,0,2)
(2,0,1)
(2,1,1)
(1,1,1)
(1,1,0)
(1,0,0)
(0,0,0)

createRandomMaze
20000
20011
00111
00101
11101

20011
00111
11100
00110
01110

01011
01010
01111
11001
00100

11000
11101
11010
01000
01000

01011
01100
01010
01111
01111


INVALID path given, path must begin at cell (0, 0, 0)
Path Given:
(4,4,4)
(4,4,3)
(3,4,3)
(2,4,3)
(1,4,3)
(1,4,4)
(1,3,4)
(0,3,4)
(0,3,3)
(1,3,3)
(2,3,3)
(2,2,3)
(1,2,3)
(1,2,2)
(1,2,1)
(0,2,1)
(0,2,0)
(0,1,0)
(1,1,0)
(1,0,0)
(0,0,0)
(4,4,4)
(4,4,3)
(3,4,3)
(3,4,2)
(2,4,2)
(2,3,2)
(3,3,2)
(4,3,2)
(4,3,1)
(4,3,0)
(3,3,0)
(2,3,0)
(2,2,0)
(2,1,0)
(2,0,0)
(2,0,1)
(1,0,1)
(1,1,1)
(0,1,1)
(0,1,0)
(0,0,0)
(4,4,4)
(4,3,4)
(3,3,4)
(2,3,4)
(1,3,4)
(0,3,4)
(0,3,3)
(0,2,3)
(0,1,3)
(1,1,3)
(1,1,2)
(2,1,2)
(2,0,2)
(2,0,1)
(2,1,1)
(1,1,1)
(1,1,0)
(1,0,0)
(0,0,0)

createRandomMaze
22001
20101
00110
01001
00010

00111
20110
01000
00000
11010

10100
00000
10100
00001
01000

00011
10000
00111
11000
10110

10000
11001
10000
10111
01001


INVALID path given, path must begin at cell (0, 0, 0)
Path Given:
(4,4,4)
(4,4,3)
(3,4,3)
(2,4,3)
(1,4,3)
(1,4,4)
(1,3,4)
(0,3,4)
(0,3,3)
(1,3,3)
(2,3,3)
(2,2,3)
(1,2,3)
(1,2,2)
(1,2,1)
(0,2,1)
(0,2,0)
(0,1,0)
(1,1,0)
(1,0,0)
(0,0,0)
(4,4,4)
(4,4,3)
(3,4,3)
(3,4,2)
(2,4,2)
(2,3,2)
(3,3,2)
(4,3,2)
(4,3,1)
(4,3,0)
(3,3,0)
(2,3,0)
(2,2,0)
(2,1,0)
(2,0,0)
(2,0,1)
(1,0,1)
(1,1,1)
(0,1,1)
(0,1,0)
(0,0,0)
(4,4,4)
(4,3,4)
(3,3,4)
(2,3,4)
(1,3,4)
(0,3,4)
(0,3,3)
(0,2,3)
(0,1,3)
(1,1,3)
(1,1,2)
(2,1,2)
(2,0,2)
(2,0,1)
(2,1,1)
(1,1,1)
(1,1,0)
(1,0,0)
(0,0,0)

createRandomMaze
22022
20222
02222
22022
20220

02200
00202
00220
00000
02000

22011
20200
00200
20000
02001

20111
02001
02201
20000
02220

20000
22200
02220
22020
22001


INVALID path given, path must begin at cell (0, 0, 0)
Path Given:
(4,4,4)
(4,4,3)
(3,4,3)
(2,4,3)
(1,4,3)
(1,4,4)
(1,3,4)
(0,3,4)
(0,3,3)
(1,3,3)
(2,3,3)
(2,2,3)
(1,2,3)
(1,2,2)
(1,2,1)
(0,2,1)
(0,2,0)
(0,1,0)
(1,1,0)
(1,0,0)
(0,0,0)
(4,4,4)
(4,4,3)
(3,4,3)
(3,4,2)
(2,4,2)
(2,3,2)
(3,3,2)
(4,3,2)
(4,3,1)
(4,3,0)
(3,3,0)
(2,3,0)
(2,2,0)
(2,1,0)
(2,0,0)
(2,0,1)
(1,0,1)
(1,1,1)
(0,1,1)
(0,1,0)
(0,0,0)
(4,4,4)
(4,3,4)
(3,3,4)
(2,3,4)
(1,3,4)
(0,3,4)
(0,3,3)
(0,2,3)
(0,1,3)
(1,1,3)
(1,1,2)
(2,1,2)
(2,0,2)
(2,0,1)
(2,1,1)
(1,1,1)
(1,1,0)
(1,0,0)
(0,0,0)

