importMaze Mazes/Solvable1.txt True
toString 
11010
00010
11110
10000
10000

01010
00000
00000
00000
10000

01010
01000
01110
00000
10000

00010
00000
00010
00000
10000

00010
00010
00010
00000
11111


importMaze Mazes/Solvable2.txt True
toString
10111
11110
01001
01100
00001

10100
10100
10001
10011
00111

11000
01001
10000
00011
01100

01110
11011
01011
00100
01011

00110
00000
01101
01110
01111


importMaze Mazes/Solvable3.txt True
toString
11111
11111
11111
11111
11111

11111
11111
11111
11111
11111

11111
11111
11111
11111
11111

11111
11111
11111
11111
11111

11111
11111
11111
11111
11111


importMaze Mazes/Unsolvable1.txt True
toString
11010
00010
11110
10000
10000

01010
00000
00000
00000
10000

01010
01000
01110
00000
10000

00010
00000
00010
00000
10000

00010
00010
00010
00000
11101


importMaze Mazes/Unsolvable2.txt True
toString
10111
11110
01001
01100
00001

10100
10100
10001
10011
00111

11000
01001
10000
00011
01100

01110
11011
01011
00100
01011

00110
00000
01101
01110
01101


importMaze Mazes/Unsolvable3.txt True
toString
11111
11111
11111
11111
11111

11111
11111
11111
11111
11111

11111
11111
11111
11111
11111

11111
11111
11111
11111
11110

11111
11111
11111
11110
11101


