importMaze Mazes/Solvable1.txt True
toString
11010
00010
11110
10000
10000

01010
00000
00000
00000
10000

01010
01000
01110
00000
10000

00010
00000
00010
00000
10000

00010
00010
00010
00000
11111


solveMaze
INVALID solution. Maze has been altered from: 
11010
00010
11110
10000
10000

01010
00000
00000
00000
10000

01010
01000
01110
00000
10000

00010
00000
00010
00000
10000

00010
00010
00010
00000
11111


...to: 

33030
00030
33330
30000
30000

03030
00000
00000
00000
30000

03030
03000
03330
00000
30000

00030
00000
00030
00000
30000

00030
00030
00030
00000
33333


importMaze Mazes/Solvable2.txt True
toString
10111
11110
01001
01100
00001

10100
10100
10001
10011
00111

11000
01001
10000
00011
01100

01110
11011
01011
00100
01011

00110
00000
01101
01110
01111


solveMaze
INVALID solution. Maze has been altered from: 
10111
11110
01001
01100
00001

10100
10100
10001
10011
00111

11000
01001
10000
00011
01100

01110
11011
01011
00100
01011

00110
00000
01101
01110
01111


...to: 

30222
32220
02001
02200
00001

30200
30200
10001
10011
00111

33000
03002
10000
00011
01100

02220
13022
03022
00100
01011

00220
00000
03202
03330
03333


importMaze Mazes/Solvable3.txt True
toString
11111
11111
11111
11111
11111

11111
11111
11111
11111
11111

11111
11111
11111
11111
11111

11111
11111
11111
11111
11111

11111
11111
11111
11111
11111


solveMaze
INVALID solution. Maze has been altered from: 
11111
11111
11111
11111
11111

11111
11111
11111
11111
11111

11111
11111
11111
11111
11111

11111
11111
11111
11111
11111

11111
11111
11111
11111
11111


...to: 

33333
33333
33333
33333
33333

33333
33333
33333
33333
33333

33333
33333
33333
33333
33333

33333
33333
33333
33333
33333

33333
33333
33333
33333
33333


