importMaze Mazes/Unsolvable1.txt True
solveMaze
INVALID solution. Maze has been altered from: 
11010
00010
11110
10000
10000

01010
00000
00000
00000
10000

01010
01000
01110
00000
10000

00010
00000
00010
00000
10000

00010
00010
00010
00000
11101


...to: 

22020
00020
22220
20000
20000

02020
00000
00000
00000
20000

02020
02000
02220
00000
20000

00020
00000
00020
00000
20000

00020
00020
00020
00000
22201


importMaze Mazes/Unsolvable2.txt True
solveMaze
INVALID solution. Maze has been altered from: 
10111
11110
01001
01100
00001

10100
10100
10001
10011
00111

11000
01001
10000
00011
01100

01110
11011
01011
00100
01011

00110
00000
01101
01110
01101


...to: 

20222
22220
02002
02200
00002

20200
20200
20002
20022
00222

22000
02002
20000
00022
02200

02220
22022
02022
00200
02011

00220
00000
02202
02220
02201


importMaze Mazes/Unsolvable3.txt True
solveMaze
INVALID solution. Maze has been altered from: 
11111
11111
11111
11111
11111

11111
11111
11111
11111
11111

11111
11111
11111
11111
11111

11111
11111
11111
11111
11110

11111
11111
11111
11110
11101


...to: 

22222
22222
22222
22222
22222

22222
22222
22222
22222
22222

22222
22222
22222
22222
22222

22222
22222
22222
22222
22220

22222
22222
22222
22220
22201


